13
TAGTTGGGTCATGCAT-1_contig_2 0.0000000 0.1774034 0.1835040 0.2197666 0.2202859 0.2588359 0.1824043 0.2313616 0.2510760 0.1813985 0.2395796 0.1813985 0.1471254 
ATAGACCAGGGCATGT-1_contig_2 0.1774034 0.0000000 0.1222533 0.1508101 0.1666819 0.1845125 0.0026550 0.1614919 0.2302777 0.0026447 0.1890405 0.0026447 0.1063633 
ATGGGAGGTGCTTCTC-1_contig_2 0.1835040 0.1222533 0.0000000 0.0570459 0.0789244 0.0946367 0.1228327 0.0701984 0.1318231 0.1260693 0.0573281 0.1260693 0.0982974 
AAACGGGTCGTACGGC-1_contig_1 0.2197666 0.1508101 0.0570459 0.0000000 0.1670190 0.1203896 0.1508101 0.0430150 0.1600715 0.1547512 0.1118640 0.1547512 0.1326036 
CTGTTTAAGTCTCCTC-1_contig_1 0.2202859 0.1666819 0.0789244 0.1670190 0.0000000 0.1499495 0.1666819 0.1861770 0.2069663 0.1708127 0.1752495 0.1708127 0.1382362 
AGGCCGTAGCTAACAA-1_contig_2 0.2588359 0.1845125 0.0946367 0.1203896 0.1499495 0.0000000 0.1845125 0.1435909 0.2058319 0.1888668 0.1662139 0.1888668 0.1419635 
TATCAGGAGTGAATTG-1_contig_2 0.1824043 0.0026550 0.1228327 0.1508101 0.1666819 0.1845125 0.0000000 0.1614919 0.2302777 0.0053246 0.1890405 0.0053246 0.1103742 
TGTGGTAGTATCAGTC-1_contig_2 0.2313616 0.1614919 0.0701984 0.0430150 0.1861770 0.1435909 0.1614919 0.0000000 0.1711563 0.1654692 0.1258267 0.1654692 0.1544808 
CAGTAACGTTAGATGA-1_contig_2 0.2510760 0.2302777 0.1318231 0.1600715 0.2069663 0.2058319 0.2302777 0.1711563 0.0000000 0.2349441 0.1611846 0.2349441 0.2092732 
CCTATTAGTGCGATAG-1_contig_2 0.1813985 0.0026447 0.1260693 0.1547512 0.1708127 0.1888668 0.0053246 0.1654692 0.2349441 0.0000000 0.1846471 0.0053049 0.1098325 
TGTTCCGGTAAGAGAG-1_contig_2 0.2395796 0.1890405 0.0573281 0.1118640 0.1752495 0.1662139 0.1890405 0.1258267 0.1611846 0.1846471 0.0000000 0.1933394 0.1618677 
TTCTACAGTAAACCTC-1_contig_2 0.1813985 0.0026447 0.1260693 0.1547512 0.1708127 0.1888668 0.0053246 0.1654692 0.2349441 0.0053049 0.1933394 0.0000000 0.1098325 
AATCGGTAGTTCGATC-1_contig_2 0.1471254 0.1063633 0.0982974 0.1326036 0.1382362 0.1419635 0.1103742 0.1544808 0.2092732 0.1098325 0.1618677 0.1098325 0.0000000 
